386.9979608
285.5716532
195.9261229
138.2805816
88.68855959
62.34331317
49.94399919
48.67907319
47.68968126
46.12111896
44.56224562
42.32311922
39.92313295
37.89161205
35.41703997
32.9669086
30.79409215
28.23732293
25.41138277
21.93598391
20.03920487
19.57717123
18.98974404
18.85012228
18.43584167
17.74444288
17.30061961
16.7817704
16.32587895
15.87721989
15.71613909
15.59917521
15.49251159
15.46131257
15.42927894
15.40709312
15.4700989
15.44974128
15.60787453
15.7528507
15.44729603
15.55210352
15.5253194
15.55204464
15.59262496
15.57845019
15.47859623
15.42038966
15.27880721
15.1721253
15.58054284
15.30335614
15.26770613
15.04407394
14.96815569
14.86733683
14.77751972
14.69081765
14.59247099
14.68500261
15.37008607
14.97231502
14.23430839
13.47702628
12.60313228
11.67930577
10.84852801
9.915009669
8.878599744
7.883775199