3125000
3125000
3125000
3125000
3125000
3125000
3420965
4597296
6431355
8845968
12201195
16385935
22280649
32213984
46441127
69940500
114288489
191523137
336809143
596751395
891089380
1012152281
1129965005
1311993114
1504241237
1655600261
1908617738
2184689925
2545108099
2990697562
3464325046
3725790029
4020476929
4408976682
4842093693
5336923960
5991024661
6629265652
7607257743
8721959495
9004852838
10075662323
11006215092
12165555830
13503423798
14854601010
16098784904
17616783070
18998018334
20661521644
25502841834
27623914461
31452502071
34611862883
39344188577
44652504069
50970789612
58439608257
67108832210
80483384826
119751331687
170036128312
250217038456
370223743947
514999040983
696479073771
1017060015049
1375460847264
1674739846546
2058053158264