3125000
3125000
3125000
3125000
3125000
3125000
3125000
3125000
3125000
3125000
4987220
14237840
21081850
45986570
61417160
95703350
132760830
195861510
310472250
461504850
688302800
787479190
877914950
1006838310
1135451650
1288262690
1412850840
1554036330
1773127610
2071762110
2487760840
2847536080
3213227190
3723536360
4064421070
4250549490
5507068870
7117802480
7513148010
7938322410
8638375990
9151416590
10000000000
10956826815
12039721449
13270149727
14674117205
16283329941
18136707245
20282371171
22780288672
26791838134
29154518950
33248770627
44056550989
51252613883
60105184072
67169542643
71119708694
80000000000
84998597523
117392937641
152951411214
164088790178
176745991013
227492311362
311259545466
376610550860
435199678832
560151776425