128000
123520
118720
114560
110400
104640
94400
90560
80640
72320
35691.20963
8217.539024
4743.41649
1591.769001
1061.592506
570.5129522
360.7991918
209.331583
109.8326812
63.05459209
36.03065373
29.84205847
25.62890625
21.15533326
17.87834822
15.36953616
13.58954496
11.96883216
10.03875856
8.15730721
6.39128961
5.33794816
4.54371856
3.73301041
3.32150625
3.12900721
2.21533456
1.57351936
1.4641
1.36048896
1.21550625
1.12550881
1
0.88529281
0.78074896
0.68574961
0.59969536
0.52200625
0.45212176
0.38950081
0.33362176
0.26873856
0.2401
0.20151121
0.13845841
0.11316496
0.09150625
0.07890481
0.07311616
0.0625
0.05764801
0.03748096
0.02484449127
0.02193934148
0.01923664565
0.01230810828
0.007068056328
0.005044999392
0.003906252883
0.00249932261