312.5
234.375
156.25
93.75
46.875
28.4375
20.69683956
18.38918555
16.07838782
14.1535489
12.44521909
11.06050621
9.781204981
8.440063682
7.291256861
6.189734249
5.085837744
4.13689976
3.300729598
2.625706137
2.236634344
2.125519791
2.03393701
1.967989671
1.880301547
1.821160287
1.736842142
1.660364343
1.577967021
1.495348781
1.423837594
1.389719681
1.354900725
1.313875051
1.273470641
1.232829435
1.186222883
1.146862958
1.095445115
1.046635139
1.035558076
0.9974905699
0.9685469281
0.9367477989
0.9047293945
0.8764214596
0.8532355999
0.8279888043
0.8074157792
0.7851378225
0.7319315606
0.7126969931
0.6825192949
0.6610865811
0.6334414361
0.6072740553
0.5810670016
0.5551762784
0.5301597745
0.4989969859
0.4370923607
0.3502744243
0.26022572
0.1925163469
0.1493497219
0.1184014425
0.08848422131
0.07014850321
0.06029063448
0.05145132896