0.00000007768415749
0.0000001320630677
0.0000002245072152
0.0000003816622658
0.0000006488258518
0.000001103003948
0.000001875106712
0.00000318768141
0.000005419058397
0.000009212399275
0.00001566107877
0.0000266238339
0.00004526051764
0.00005204959528
0.00005985703457
0.00006883558976
0.00007916092822
0.00009103506746
0.0001046903276
0.0001203938767
0.0001384529582
0.000159220902
0.0001831040372
0.0002105696428
0.0002421550893
0.0002784783526
0.0003202501055
0.0003682876214
0.0004235307646
0.0004870603793
0.0005601194362
0.0006441373516
0.0007407579543
0.0008518716475
0.0009796523946
0.001126600254
0.001295590292
0.001489928836
0.001713418161
0.001970430885
0.002265995518
0.002605894846
0.002996779072
0.003446295933
0.003963240323
0.004557726372
0.005241385327
0.006027593127
0.006931732096
0.00797149191
0.009167215696
0.01054229805
0.01212364276
0.01394218917
0.01603351755
0.01843854518
0.02120432696
0.024384976
0.0280427224
0.03224913076
0.03708650038
0.04264947543
0.04904689675
0.05640393126
0.06486452095
0.07459419909
0.08578332895
0.0986508283
0.1134484525
0.1304657204